	(1)	(2)	(3)	(4)	(5)	(6)	(7)	(8)	(9)	(10)	(11)	(12)	(13)	(14)	(15)	(16)	(17)	(18)	(19)	(20)	(21)	(22)	(23)	(24)	(25)	(26)	(27)	(28)	(29)	(30)	(31)	(32)	(33)	(34)	(35)	(36)	(37)	(38)	(39)	(40)	(41)	(42)	(43)	(44)	(45)	(46)	(47)	(48)	(49)
VARIABLES	ARGENT_DTRI	AUST_DTRI	BELG_DTRI	BHREIN_DTRI	BRAZIL_DTRI	CHILE_DTRI	CHINA_DTRI	COLOM_DTRI	CROATI_DTRI	CYPRUS_DTRI	EGYPT_DTRI	EquityIndAustralia	EquityIndBRL	EquityIndChile	EquityIndCyprus	EquityIndGreece	EquityIndIndonesia	EquityIndMEX	EquityIndPeru	EquityIndUruguay	FRTR_DTRI	ICELND_DTRI	INDON_DTRI	IRELND_DTRI	ITALY_DTRI	JAPAN_DTRI	KAZAKS_DTRI	KOREA_DTRI	MALAYS_DTRI	MEX_DTRI	MOROC_DTRI	PANAMA_DTRI	PERU_DTRI	PHILIP_DTRI	PORTUG_DTRI	ROMANI_DTRI	RUSSIA_DTRI	SOAF_DTRI	SPAIN_DTRI	THAI_DTRI	TURKEY_DTRI	UKRAIN_DTRI	VENZ_DTRI	VIETNM_DTRI	bb_tri_def5y_DTRI	ds_tri_def5y_DTRI	mC5_5y_DTRI	tri_conH_def5y_DTRI	tri_def5y_DTRI
																																																	
cds_	1.199	0.00829	0.0154	0.00776	0.0427	0.0235	0.00941	0.0349	0.0290	0.0729	0.0158	-3.058	38.58	-12.86	9.845	1.227	-2.688	-10.75	-2.105	-11.41	0.0224	-0.00515	0.0194	-0.00555	-0.00231	0.00616	0.0358	0.00425	0.00123	0.0367	-0.00643	0.0335	0.0333	0.0178	0.00369	0.0249	0.0558	0.0364	-0.00267	0.00681	0.0500	0.105	0.172	-0.00470	83.98	86.98	100.00	104.1	97.93
	(0.0371)	(0.00644)	(0.0100)	(0.00684)	(0.00937)	(0.00498)	(0.00824)	(0.00697)	(0.0116)	(0.0396)	(0.0161)	(3.119)	(49.37)	(3.309)	(10.94)	(9.804)	(4.405)	(2.852)	(3.860)	(3.182)	(0.00795)	(0.00808)	(0.0148)	(0.0170)	(0.0172)	(0.00622)	(0.00949)	(0.00772)	(0.00820)	(0.00696)	(0.00703)	(0.00658)	(0.00711)	(0.0110)	(0.0280)	(0.00981)	(0.0137)	(0.00958)	(0.0198)	(0.00769)	(0.0116)	(0.0364)	(0.0268)	(0.0169)	(6.795)	(5.412)	(9.61e-06)	(4.370)	(3.661)
																																																	
Observations	401	401	401	401	401	401	401	401	401	401	401	399	394	401	358	401	401	401	383	370	401	401	401	401	401	401	401	401	401	401	401	401	401	401	401	401	401	401	401	401	401	401	401	401	398	388	401	401	1,187
R-squared	0.945	0.368	0.308	0.195	0.534	0.541	0.426	0.612	0.430	0.053	0.132	0.552	0.012	0.487	0.090	0.241	0.224	0.628	0.231	0.159	0.411	0.053	0.353	0.129	0.277	0.211	0.515	0.404	0.357	0.637	0.235	0.640	0.530	0.351	0.157	0.476	0.485	0.464	0.209	0.392	0.469	0.190	0.387	0.231	0.709	0.728	1.000	0.913	0.797
CI_1_90_L	1.125	-0.00323	-0.00134	-0.00313	0.0273	0.0146	-0.00597	0.0226	0.00901	-0.00430	-0.0149	-8.253	-69.85	-18.33	-7.805	-17.85	-10.30	-15.29	-8.458	-16.33	0.00824	-0.0183	-0.00640	-0.0320	-0.0289	-0.00453	0.0197	-0.00872	-0.0126	0.0245	-0.0197	0.0220	0.0209	-0.00174	-0.0420	0.00830	0.0309	0.0208	-0.0329	-0.00536	0.0290	0.0340	0.129	-0.0288	68.49	78.21	100	93.26	90.69
CI_1_90_H	1.257	0.0182	0.0309	0.0186	0.0580	0.0306	0.0235	0.0457	0.0465	0.137	0.0396	2.063	102.6	-7.269	27.52	19.46	4.782	-6.154	3.779	-5.267	0.0348	0.00913	0.0465	0.0233	0.0281	0.0172	0.0511	0.0173	0.0153	0.0472	0.00456	0.0432	0.0436	0.0361	0.0562	0.0398	0.0783	0.0526	0.0327	0.0206	0.0682	0.162	0.217	0.0342	95.14	96.71	100	110.7	104.8
CI_1_95_L	1.103	-0.00493	-0.00523	-0.00538	0.0239	0.0131	-0.00828	0.0204	0.00556	-0.0156	-0.0202	-9.365	-101.7	-19.35	-11.83	-22.35	-11.96	-16.09	-9.523	-17.04	0.00580	-0.0204	-0.0125	-0.0377	-0.0348	-0.00682	0.0161	-0.0107	-0.0149	0.0223	-0.0228	0.0202	0.0185	-0.00535	-0.0505	0.00508	0.0260	0.0178	-0.0396	-0.00715	0.0247	0.0155	0.119	-0.0319	65.94	76.06	100	90.72	89.12
CI_1_95_H	1.276	0.0194	0.0337	0.0211	0.0612	0.0324	0.0269	0.0478	0.0494	0.147	0.0439	2.870	113.6	-5.836	31.75	23.48	6.316	-5.370	4.833	-3.595	0.0364	0.0120	0.0520	0.0291	0.0335	0.0196	0.0538	0.0196	0.0180	0.0497	0.00648	0.0453	0.0456	0.0386	0.0678	0.0424	0.0813	0.0550	0.0428	0.0228	0.0729	0.172	0.227	0.0371	97.29	98.43	100	112.2	105.9
CI_1_99_L	1.061	-0.00995	-0.0133	-0.00919	0.0174	0.00890	-0.0146	0.0170	-0.00408	-0.0408	-0.0318	-11.41	-149.8	-21.52	-19.99	-33.23	-13.70	-17.92	-11.14	-18.75	-0.000557	-0.0240	-0.0244	-0.0471	-0.0423	-0.0102	0.00871	-0.0138	-0.0197	0.0174	-0.0277	0.0155	0.0147	-0.0141	-0.0684	-0.00443	0.0131	0.0114	-0.0518	-0.0145	0.0140	-0.0126	0.101	-0.0410	59.22	71.83	100	87.09	85.77
CI_1_99_H	1.297	0.0230	0.0401	0.0254	0.0683	0.0361	0.0332	0.0512	0.0554	0.169	0.0555	5.650	131.4	-3.740	38.54	32.57	8.609	-3.526	6.477	0.616	0.0411	0.0188	0.0646	0.0381	0.0440	0.0242	0.0580	0.0236	0.0246	0.0558	0.0114	0.0497	0.0506	0.0445	0.0806	0.0480	0.0870	0.0625	0.0578	0.0284	0.0764	0.192	0.246	0.0474	103	103.7	100	114.5	109.4
F-Stat	225.7	14.33	10.21	10.45	32.74	28.44	11.03	35.93	30.25	2.124	5.849	47.49	1.827	35.67	6.320	14.62	11.76	70.28	14.51	8.660	16.84	2.173	15.90	7.882	16.02	9.131	22.08	21.32	11.58	38.43	8.192	41.93	39.02	16.11	9.704	22.79	27.52	21.25	11.17	16.52	28.14	14.47	35.34	16.59	57.57	64.15	1.610e+13	186.7	199.5
Num Firms	1	1	1	1	1	1	1	1	1	1	1	1	1	1	1	1	1	1	1	1	1	1	1	1	1	1	1	1	1	1	1	1	1	1	1	1	1	1	1	1	1	1	1	1	1	1	1	1	1
Num Events	15	15	15	15	15	15	15	15	15	15	15	15	15	15	13	15	15	15	14	15	15	15	15	15	15	15	15	15	15	15	15	15	15	15	15	15	15	15	15	15	15	15	15	15	15	11	15	15	13.69
